0.13127404
0.096851155
0.19406381
0.11475388
0.06666151
0.17151801
0.15008889
0.1668551
0.15883785
-0.14321196
0.23177288
-0.050521187
0.013942489
-0.095208764
0.046965603
0.06265178
-0.055472277
0.045674395
0.20648244
0.2680915
0.06802858
0.29982015
0.15109317
0.037452586
0.18607293
0.11935916
0.047866154
-0.093096904
0.027185814
0.25504434
0.4566787
0.017563246
0.104997896
0.10665824
0.0999711
0.049223214
0.05763634
0.013470147
0.114810124
0.20979182
-0.060595546
-0.007607637
0.09531664
-0.0078102653
0.042497154
0.21845226
0.049464755
0.2129744
0.06337743
0.19052476
0.010735023
0.1280837
0.17016079
0.42817193
0.051084153
-0.042413745
0.20399922
0.060886957
0.017091243
0.11657324
-0.0015298045
0.13335232
-0.026672991
0.024289627
