0.018594394
-0.031675786
-0.06475276
-0.043318264
0.07923529
0.12746409
-0.007891293
-0.0020960814
-0.056519028
0.047308084
0.076038264
-0.052923966
-0.023998417
0.12587075
0.109234214
-0.044801027
0.107910424
-0.042654242
-0.011471095
-0.05850874
0.1989849
-0.06923544
-0.0060467636
0.086534336
-0.022283236
-0.014426977
0.08456859
0.037629887
0.004683942
-0.033926155
0.04880108
-0.00010059378
-0.064978614
0.017284544
0.09515215
0.017590633
-0.009548596
0.12014982
0.0010280507
0.1571429
0.041280814
0.0038540247
-0.053023104
-0.041917585
-0.11299838
0.09593323
-0.044311646
-0.050030578
-0.085190274
0.12925315
-0.05784487
-0.12706809
-0.013783133
0.100193046
-0.09595396
-0.06384841
-0.07196786
0.07472699
0.10176287
-0.03982803
0.072445214
0.08394981
-0.072153695
-0.016285168
