0.2460201356608578 -0.28259352352885403 -0.056957814183796605 0.7071067811865476 0.7071067811865476 0.0 0.0
0.23800731100994688 -0.28259352352885403 -0.11974481097906635 0.7071067811865476 0.7071067811865476 0.0 0.0
0.2144824799283041 -0.28259352352885403 -0.17850699820891366 0.7071067811865476 0.7071067811865476 0.0 0.0
0.1769536451871255 -0.28259352352885403 -0.22947756705432448 0.7071067811865476 0.7071067811865476 0.0 0.0
0.12782650256348368 -0.28259352352885403 -0.2693891716711751 0.7071067811865476 0.7071067811865476 0.0 0.0
0.07025022949292684 -0.28259352352885403 -0.29568337454481497 0.7071067811865476 0.7071067811865476 0.0 0.0
0.007915614616793762 -0.28259352352885403 -0.30667464897954855 0.7071067811865476 0.7071067811865476 0.0 0.0
-0.055181531355439434 -0.28259352352885403 -0.3016584257374914 0.7071067811865476 0.7071067811865476 0.0 0.0
-0.11499651749058529 -0.28259352352885403 -0.28095625775663075 0.7071067811865476 0.7071067811865476 0.0 0.0
-0.1676950478254631 -0.28259352352885403 -0.24589520777236154 0.7071067811865476 0.7071067811865476 0.0 0.0
-0.20989900969660005 -0.28259352352885403 -0.19872278014948982 0.7071067811865476 0.7071067811865476 0.0 0.0
-0.23890301953561902 -0.28259352352885403 -0.14246285001521447 0.7071067811865476 0.7071067811865476 0.0 0.0
-0.25284784498241325 -0.28259352352885403 -0.08072182500984301 0.7071067811865476 0.7071067811865476 0.0 0.0
-0.2508395865082409 -0.28259352352885403 -0.017457465190459875 0.7071067811865476 0.7071067811865476 0.0 0.0
-0.23300697869715992 -0.28259352352885403 0.043274819667855985 0.7071067811865476 0.7071067811865476 0.0 0.0
-0.2004931380248397 -0.28259352352885403 0.09758193237135386 0.7071067811865476 0.7071067811865476 0.0 0.0
-0.15538228612355973 -0.28259352352885403 0.14198264594891072 0.7071067811865476 0.7071067811865476 0.0 0.0
-0.1005661457624254 -0.28259352352885403 0.17363075934234826 0.7071067811865476 0.7071067811865476 0.0 0.0
-0.0395585739074646 -0.28259352352885403 0.19049754628643636 0.7071067811865476 0.7071067811865476 0.0 0.0
0.02372968563610919 -0.28259352352885403 0.19150180193151703 0.7071067811865476 0.7071067811865476 0.0 0.0
0.08524169105882445 -0.28259352352885403 0.17657915088248052 0.7071067811865476 0.7071067811865476 0.0 0.0
0.1410343630536562 -0.28259352352885403 0.1466861738287881 0.7071067811865476 0.7071067811865476 0.0 0.0
0.18753124644060126 -0.28259352352885403 0.10373908823783945 0.7071067811865476 0.7071067811865476 0.0 0.0
0.2217517702325124 -0.28259352352885403 0.050490913838497783 0.7071067811865476 0.7071067811865476 0.0 0.0
0.24150230997653419 -0.28259352352885403 -0.00964500309369242 0.7071067811865476 0.7071067811865476 0.0 0.0
0.24551680477882898 -0.28259352352885403 -0.07281379409793605 0.7071067811865476 0.7071067811865476 0.0 0.0
0.2335379150960947 -0.28259352352885403 -0.13496617560841678 0.7071067811865476 0.7071067811865476 0.0 0.0
0.20633351886865414 -0.28259352352885403 -0.19211801854769442 0.7071067811865476 0.7071067811865476 0.0 0.0
0.1656474885501423 -0.28259352352885403 -0.2406057413481786 0.7071067811865476 0.7071067811865476 0.0 0.0
0.11408790435403024 -0.28259352352885403 -0.2773211550456912 0.7071067811865476 0.7071067811865476 0.0 0.0
0.05495986953821677 -0.28259352352885403 -0.29991070626468147 0.7071067811865476 0.7071067811865476 0.0 0.0
-0.007946355297841956 -0.28259352352885403 -0.30692634610226543 0.7071067811865476 0.7071067811865476 0.0 0.0
-0.07059831776164875 -0.28259352352885403 -0.2979183538237827 0.7071067811865476 0.7071067811865476 0.0 0.0
-0.12897986433914002 -0.28259352352885403 -0.2734641651299075 0.7071067811865476 0.7071067811865476 0.0 0.0
-0.17934858626572087 -0.28259352352885403 -0.23513135702851393 0.7071067811865476 0.7071067811865476 0.0 0.0
-0.21847571764788515 -0.28259352352885403 -0.18537716207715035 0.7071067811865476 0.7071067811865476 0.0 0.0
-0.24385310774276592 -0.28259352352885403 -0.12739095339415624 0.7071067811865476 0.7071067811865476 0.0 0.0
-0.25385399993493846 -0.28259352352885403 -0.06488979755831607 0.7071067811865476 0.7071067811865476 0.0 0.0
-0.24783731106049456 -0.28259352352885403 -0.0018801809871641564 0.7071067811865476 0.7071067811865476 0.0 0.0
-0.22618872650287422 -0.28259352352885403 0.0575988162480537 0.7071067811865476 0.7071067811865476 0.0 0.0
-0.1902959767580827 -0.28259352352885403 0.10973443594527418 0.7071067811865476 0.7071067811865476 0.0 0.0
-0.14245988030567228 -0.28259352352885403 0.1511846494748945 0.7071067811865476 0.7071067811865476 0.0 0.0
-0.08574685516850028 -0.28259352352885403 0.17929239049486956 0.7071067811865476 0.7071067811865476 0.0 0.0
-0.023792353553342332 -0.28259352352885403 0.1922558798041887 0.7071067811865476 0.7071067811865476 0.0 0.0
0.03943218007758715 -0.28259352352885403 0.18924412406925592 0.7071067811865476 0.7071067811865476 0.0 0.0
0.0998738889113266 -0.28259352352885403 0.17045018465483422 0.7071067811865476 0.7071067811865476 0.0 0.0
0.15365830243198586 -0.28259352352885403 0.13707880188914467 0.7071067811865476 0.7071067811865476 0.0 0.0
0.19733770004362067 -0.28259352352885403 0.09126916807986597 0.7071067811865476 0.7071067811865476 0.0 0.0
0.2281121189148747 -0.28259352352885403 0.03595779973128837 0.7071067811865476 0.7071067811865476 0.0 0.0
0.24400883886855618 -0.28259352352885403 -0.025309700790355757 0.7071067811865476 0.7071067811865476 0.0 0.0
0.2440088388685571 -0.28259352352885403 -0.0886059275772306 0.7071067811865476 0.7071067811865476 0.0 0.0
0.22811211891487732 -0.28259352352885403 -0.14987342809887516 0.7071067811865476 0.7071067811865476 0.0 0.0
0.19733770004362447 -0.28259352352885403 -0.20518479644745402 0.7071067811865476 0.7071067811865476 0.0 0.0
0.15365830243199124 -0.28259352352885403 -0.25099443025673357 0.7071067811865476 0.7071067811865476 0.0 0.0
0.09987388891133292 -0.28259352352885403 -0.2843658130224246 0.7071067811865476 0.7071067811865476 0.0 0.0
0.03943218007759401 -0.28259352352885403 -0.303159752436848 0.7071067811865476 0.7071067811865476 0.0 0.0
-0.0237923535533354 -0.28259352352885403 -0.3061715081717825 0.7071067811865476 0.7071067811865476 0.0 0.0
-0.08574685516849366 -0.28259352352885403 -0.29320801886246506 0.7071067811865476 0.7071067811865476 0.0 0.0
-0.14245988030566645 -0.28259352352885403 -0.2651002778424916 0.7071067811865476 0.7071067811865476 0.0 0.0
-0.19029597675807805 -0.28259352352885403 -0.22365006431287263 0.7071067811865476 0.7071067811865476 0.0 0.0
-0.22618872650287103 -0.28259352352885403 -0.17151444461565313 0.7071067811865476 0.7071067811865476 0.0 0.0
-0.247837311060493 -0.28259352352885403 -0.11203544738043589 0.7071067811865476 0.7071067811865476 0.0 0.0
-0.2538539999349387 -0.28259352352885403 -0.049025830809284146 0.7071067811865476 0.7071067811865476 0.0 0.0
-0.24385310774276764 -0.28259352352885403 0.013475325026556764 0.7071067811865476 0.7071067811865476 0.0 0.0
-0.21847571764788853 -0.28259352352885403 0.07146153370955152 0.7071067811865476 0.7071067811865476 0.0 0.0
-0.1793485862657249 -0.28259352352885403 0.1212157286609167 0.7071067811865476 0.7071067811865476 0.0 0.0
-0.12897986433914604 -0.28259352352885403 0.1595485367623108 0.7071067811865476 0.7071067811865476 0.0 0.0
-0.07059831776165464 -0.28259352352885403 0.18400272545618787 0.7071067811865476 0.7071067811865476 0.0 0.0
-0.007946355297847357 -0.28259352352885403 0.1930107177346721 0.7071067811865476 0.7071067811865476 0.0 0.0
0.054959869538210436 -0.28259352352885403 0.1859950778970898 0.7071067811865476 0.7071067811865476 0.0 0.0
0.11408790435402527 -0.28259352352885403 0.1634055266781006 0.7071067811865476 0.7071067811865476 0.0 0.0
0.16564748855013864 -0.28259352352885403 0.12669011298058871 0.7071067811865476 0.7071067811865476 0.0 0.0
0.20633351886865137 -0.28259352352885403 0.07820239018010544 0.7071067811865476 0.7071067811865476 0.0 0.0
0.2335379150960931 -0.28259352352885403 0.021050547240828457 0.7071067811865476 0.7071067811865476 0.0 0.0
0.2455168047788287 -0.28259352352885403 -0.041101834269652686 0.7071067811865476 0.7071067811865476 0.0 0.0
0.2415023099765349 -0.28259352352885403 -0.10427062527389705 0.7071067811865476 0.7071067811865476 0.0 0.0
0.22175177023251416 -0.28259352352885403 -0.16440654220608736 0.7071067811865476 0.7071067811865476 0.0 0.0
0.18753124644060398 -0.28259352352885403 -0.21765471660542948 0.7071067811865476 0.7071067811865476 0.0 0.0
0.14103436305365896 -0.28259352352885403 -0.26060180219637946 0.7071067811865476 0.7071067811865476 0.0 0.0
0.08524169105882785 -0.28259352352885403 -0.29049477925007255 0.7071067811865476 0.7071067811865476 0.0 0.0
0.023729685636112986 -0.28259352352885403 -0.3054174302991099 0.7071067811865476 0.7071067811865476 0.0 0.0
-0.0395585739074617 -0.28259352352885403 -0.30441317465403006 0.7071067811865476 0.7071067811865476 0.0 0.0
-0.10056614576242245 -0.28259352352885403 -0.28754638770994273 0.7071067811865476 0.7071067811865476 0.0 0.0
-0.15538228612355776 -0.28259352352885403 -0.25589827431650547 0.7071067811865476 0.7071067811865476 0.0 0.0
-0.2004931380248386 -0.28259352352885403 -0.21149756073894854 0.7071067811865476 0.7071067811865476 0.0 0.0
-0.23300697869715883 -0.28259352352885403 -0.15719044803545176 0.7071067811865476 0.7071067811865476 0.0 0.0
-0.25083958650824045 -0.28259352352885403 -0.09645816317713615 0.7071067811865476 0.7071067811865476 0.0 0.0
-0.25284784498241347 -0.28259352352885403 -0.03319380335775237 0.7071067811865476 0.7071067811865476 0.0 0.0
-0.23890301953561982 -0.28259352352885403 0.028547221647618998 0.7071067811865476 0.7071067811865476 0.0 0.0
-0.20989900969660097 -0.28259352352885403 0.08480715178189521 0.7071067811865476 0.7071067811865476 0.0 0.0
-0.16769504782546374 -0.28259352352885403 0.1319795794047677 0.7071067811865476 0.7071067811865476 0.0 0.0
-0.11499651749058626 -0.28259352352885403 0.16704062938903708 0.7071067811865476 0.7071067811865476 0.0 0.0
-0.05518153135544069 -0.28259352352885403 0.18774279736989788 0.7071067811865476 0.7071067811865476 0.0 0.0
0.007915614616792323 -0.28259352352885403 0.1927590206119554 0.7071067811865476 0.7071067811865476 0.0 0.0
0.07025022949292614 -0.28259352352885403 0.18176774617722197 0.7071067811865476 0.7071067811865476 0.0 0.0
0.12782650256348213 -0.28259352352885403 0.15547354330358273 0.7071067811865476 0.7071067811865476 0.0 0.0
0.17695364518712473 -0.28259352352885403 0.11556193868673201 0.7071067811865476 0.7071067811865476 0.0 0.0
0.21448247992830397 -0.28259352352885403 0.06459136984132076 0.7071067811865476 0.7071067811865476 0.0 0.0
0.23800731100994676 -0.28259352352885403 0.005829182611473631 0.7071067811865476 0.7071067811865476 0.0 0.0
0.2460201356608578 -0.28259352352885403 -0.05695781418379681 0.7071067811865476 0.7071067811865476 0.0 0.0
